0.3494117647058823
0.5047058823529412
0.6082352941176471
0.711764705882353
0.8152941176470588
0.9705882352941176
1.0741176470588234
1.1776470588235293
1.3070588235294116
1.4105882352941175
1.488235294117647
1.591764705882353
1.643529411764706
1.7470588235294118
1.8505882352941176
1.9411764705882353
2.005882352941176
2.0576470588235294
2.1611764705882353
2.2388235294117647
2.3164705882352936
2.368235294117647
2.4199999999999995
2.471764705882353
2.5235294117647054
2.5752941176470587
2.614117647058823
2.64
2.652941176470588
2.601176470588235
2.5623529411764707
2.5364705882352943
2.5105882352941173
2.4976470588235293
2.484705882352941
2.4458823529411764
2.4070588235294115
2.381176470588235
2.3552941176470585
2.3423529411764705
2.3294117647058825
2.3164705882352936
2.3035294117647056
2.3035294117647056
2.2905882352941176
2.2905882352941176
2.2905882352941176
2.2905882352941176
2.2905882352941176
2.277647058823529
2.277647058823529
2.277647058823529
2.277647058823529
2.277647058823529
2.277647058823529
2.277647058823529
2.277647058823529
2.277647058823529
0.0